low = -1866.08
ref = -6.15827
high = -35.11289
