Q_low = 1866.08
Q_ref = 6.15827
Q_high = 35.11289
