Q_low = 1.86608
Q_ref = 6.15827
Q_high = 35.11289
